-3.214017900078126786e+03,9.229892582289435765e+00
-3.215440126708190292e+03,8.914492794848415613e+00
-3.216861722908141928e+03,8.594503703321432653e+00
-3.218282286344093336e+03,8.269800676040432563e+00
-3.219701414682152517e+03,7.940259081337350366e+00
-3.221083807492814685e+03,7.614058046486940512e+00
-3.222465233412163798e+03,7.282743792513772796e+00
-3.223845413714640472e+03,6.946168081704600539e+00
-3.225224069674685779e+03,6.604182676346184167e+00
-3.225224069674686234e+03,6.604182676346185055e+00
-3.237081882013636459e+03,3.616842988832133621e+00
-3.237081882013636459e+03,3.616842988832241090e+00
-3.237160210148868373e+03,3.595980467257296365e+00
-3.237237946045893295e+03,3.573009357377631368e+00
-3.237315032952828460e+03,3.547946429485745234e+00
-3.237391414591593275e+03,3.520809981027162028e+00
-3.237467035198995291e+03,3.491619823242193554e+00
-3.237541839567440547e+03,3.460397266702540886e+00
-3.237615773085238743e+03,3.427165105753297247e+00
-3.237688781776472752e+03,3.391947601871702300e+00
-3.237760812340405209e+03,3.354770465954804326e+00
-3.237831812190388973e+03,3.315660839548957739e+00
-3.237901729492262348e+03,3.274647275034862304e+00
-3.237970513202186794e+03,3.231759714782606707e+00
-3.238038113103915293e+03,3.187029469291935424e+00
-3.238104479845451806e+03,3.140489194333700773e+00
-3.238169564975081357e+03,3.092172867109185042e+00
-3.238233320976742561e+03,3.042115761444700084e+00
-3.238295701304718477e+03,2.990354422039568139e+00
-3.238356660417614876e+03,2.936926637786296812e+00
-3.238416153811612276e+03,2.881871414182408220e+00
-3.238474138052951730e+03,2.825228944854084823e+00
-3.238530570809649362e+03,2.767040582212398903e+00
-3.238585410882395536e+03,2.707348807263566748e+00
-3.238638618234637761e+03,2.646197198595253930e+00
-3.238690154021807302e+03,2.583630400561590434e+00
-3.238739980619678136e+03,2.519694090690100197e+00
-3.238788061651835505e+03,2.454434946334359768e+00
-3.238834362016232717e+03,2.387900610596719542e+00
-3.238878847910817512e+03,2.320139657545973400e+00
-3.238921486858210301e+03,2.251201556755368927e+00
-3.238962247729412866e+03,2.181136637186835259e+00
-3.239001100766537547e+03,2.109996050447815463e+00
-3.239038017604528250e+03,2.037831733447518445e+00
-3.239072971291872364e+03,1.964696370479844800e+00
-3.239105936310274956e+03,1.890643354760684014e+00
-3.239136888593287949e+03,1.815726749447653665e+00
-3.239165805543883380e+03,1.740001248170741643e+00
-3.239192666050946173e+03,1.663522135102666999e+00
-3.239217450504690532e+03,1.586345244598102111e+00
-3.239240140810974026e+03,1.508526920431236817e+00
-3.239260720404506628e+03,1.430123974661435593e+00
-3.239279174260947912e+03,1.351193646157009987e+00
-3.239295488907871459e+03,1.271793558807403635e+00
-3.239309652434603322e+03,1.191981679454285681e+00
-3.239321654500916793e+03,1.111816275572266477e+00
-3.239331486344581663e+03,1.031355872730134848e+00
-3.239339140787759789e+03,9.506592118636765232e-01
-3.239344612242247422e+03,8.697852063912460130e-01
-3.239347896713553382e+03,7.887928992034373143e-01
-3.239348991803815807e+03,7.077414195582115708e-01
-3.239348991803815352e+03,7.077414195578111133e-01
-3.239348991803816716e+03,-7.077785357448092007e-01
-3.239348991803816716e+03,-7.077785357463878269e-01
-3.239347896713553837e+03,-7.888300153916257829e-01
-3.239344612242247877e+03,-8.698223225794468050e-01
-3.239339140787760698e+03,-9.506963280518870851e-01
-3.239331486344582572e+03,-1.031392988918358178e+00
-3.239321654500917703e+03,-1.111853391760500909e+00
-3.239309652434604232e+03,-1.192018795642533435e+00
-3.239295488907872368e+03,-1.271830674995663824e+00
-3.239279174260948821e+03,-1.351230762345283942e+00
-3.239260720404507538e+03,-1.430161090849723760e+00
-3.239240140810974935e+03,-1.508564036619539639e+00
-3.239217450504691442e+03,-1.586382360786418255e+00
-3.239192666050947082e+03,-1.663559251290998908e+00
-3.239165805543884289e+03,-1.740038364359090206e+00
-3.239136888593288859e+03,-1.815763865636018659e+00
-3.239105936310275411e+03,-1.890680470949065883e+00
-3.239072971291873273e+03,-1.964733486668245765e+00
-3.239038017604529159e+03,-2.037868849635939394e+00
-3.239001100766538457e+03,-2.110033166636257285e+00
-3.238962247729414230e+03,-2.181173753375297508e+00
-3.238921486858211210e+03,-2.251238672943853381e+00
-3.238878847910818422e+03,-2.320176773734481390e+00
-3.238834362016233626e+03,-2.387937726785251069e+00
-3.238788061651836415e+03,-2.454472062522916165e+00
-3.238739980619679045e+03,-2.519731206878684127e+00
-3.238690154021808212e+03,-2.583667516750202342e+00
-3.238638618234638670e+03,-2.646234314783895147e+00
-3.238585410882396445e+03,-2.707385923452237719e+00
-3.238530570809650271e+03,-2.767077698401101848e+00
-3.238474138052953094e+03,-2.825266061042820631e+00
-3.238416153811613185e+03,-2.881908530371178223e+00
-3.238356660417616240e+03,-2.936963753975101454e+00
-3.238295701304719387e+03,-2.990391538228410973e+00
-3.238233320976743926e+03,-3.042152877633581554e+00
-3.238169564975082267e+03,-3.092209983298106479e+00
-3.238104479845452715e+03,-3.140526310522663955e+00
-3.238038113103916203e+03,-3.187066585480940795e+00
-3.237970513202187703e+03,-3.231796830971655154e+00
-3.237901729492263257e+03,-3.274684391223957824e+00
-3.237831812190390337e+03,-3.315697955738099445e+00
-3.237760812340406119e+03,-3.354807582143994438e+00
-3.237688781776474116e+03,-3.391984718060943038e+00
-3.237615773085240107e+03,-3.427202221942589944e+00
-3.237541839567441912e+03,-3.460434382891886429e+00
-3.237467035198996655e+03,-3.491656939431592832e+00
-3.237391414591594639e+03,-3.520847097216617705e+00
-3.237315032952829824e+03,-3.547983545675257311e+00
-3.237237946045894660e+03,-3.573046473567202064e+00
-3.237160210148869737e+03,-3.596017583446927013e+00
-3.237081882013637824e+03,-3.616880105021932579e+00
-3.237081882013637369e+03,-3.616880105020122027e+00
-3.225224069674699876e+03,-6.604219792585846349e+00
-3.225224069674686234e+03,-6.604219792541725198e+00
-3.223845413714639562e+03,-6.946205197895146455e+00
-3.222465233412162888e+03,-7.282780908701258049e+00
-3.221083807492813776e+03,-7.614095162673164552e+00
-3.219701414682148879e+03,-7.940296197523970534e+00
-3.218282286344092881e+03,-8.269837792227038520e+00
-3.216861722908145566e+03,-8.594540819507965779e+00
-3.215440126708194839e+03,-8.914529911034968279e+00
-3.214017900078126331e+03,-9.229929698476254885e+00
-3.214017900078126331e+03,-9.229929698476256661e+00
-3.213449444231266170e+03,-9.355217205728740382e+00
-3.213449444231266170e+03,-9.355217205728740382e+00
-3.212816665832082435e+03,-9.495592510215724147e+00
-3.212816665832066974e+03,-9.495592510143440634e+00
-3.210897597269888138e+03,-9.917654787350649315e+00
-3.208977070790137986e+03,-1.033316282090473948e+01
-3.207055225471146059e+03,-1.074230203356456315e+01
-3.205132200391239166e+03,-1.114525784808897058e+01
-3.203127760453815426e+03,-1.155866546721378540e+01
-3.201121761480441364e+03,-1.196588990466629809e+01
-3.199114606044933680e+03,-1.236708286840547721e+01
-3.197106696721106800e+03,-1.276239606639028779e+01
-3.197106696721106346e+03,-1.276239606639028779e+01
-3.195509578159836110e+03,-1.307083872890452803e+01
-3.195509578159836110e+03,-1.307083872890452803e+01
-3.193865722613413254e+03,-1.339778042144878967e+01
-3.193865722613417347e+03,-1.339778042145301207e+01
-3.192854257132260045e+03,-1.359638513812987526e+01
-3.191842577854603860e+03,-1.379326425927219901e+01
-3.190830573575461131e+03,-1.398844361575552853e+01
-3.189818133089843286e+03,-1.418194903845541077e+01
-3.188781370377791973e+03,-1.437828823758613517e+01
-3.187744378834896452e+03,-1.457284210883798359e+01
-3.186707062799974210e+03,-1.476563626233834547e+01
-3.185669326611839551e+03,-1.495669630821460316e+01
-3.185669326611839551e+03,-1.495669630821460316e+01
-3.183783087506936226e+03,-1.529850787258124178e+01
-3.183783087506936226e+03,-1.529850787258124178e+01
-3.181851020040007370e+03,-1.566280335877520535e+01
-3.181851020039999639e+03,-1.566280335877493357e+01
-3.176942243211580262e+03,-1.656272371507215269e+01
-3.170215708393337536e+03,-1.775641210720824148e+01
-3.161702863727658496e+03,-1.921948840811871762e+01
-3.151435157356930176e+03,-2.092757249073911652e+01
-3.139444037423543250e+03,-2.285628422800498427e+01
-3.125760952069884297e+03,-2.498124349285186696e+01
-3.118294749904948731e+03,-2.610969715841053329e+01
-3.110417349438340352e+03,-2.727807015821527870e+01
-3.102132681687859076e+03,-2.848331497638304199e+01
-3.093444677671302088e+03,-2.972238409703077622e+01
-3.081073789053579276e+03,-3.144694163917743879e+01
-3.068568086519623648e+03,-3.314735735140668993e+01
-3.055943006954833436e+03,-3.482302523301616759e+01
-3.043213987244605050e+03,-3.647333928330350261e+01
-3.030396464274338996e+03,-3.809769350156638268e+01
-3.017505874929431229e+03,-3.969548188710241732e+01
-3.004557656095279981e+03,-4.126609843920927290e+01
-2.991567244657283027e+03,-4.280893715718458736e+01
-2.978550077500838597e+03,-4.432339204032599156e+01
-2.965521591511343104e+03,-4.580885708793114475e+01
-2.952497223574196141e+03,-4.726472629929769909e+01
-2.939492410574793666e+03,-4.869039367372328542e+01
-2.926522589398535729e+03,-5.008525321050557721e+01
-2.913603196930817830e+03,-5.144869890894217690e+01
-2.900749670057038657e+03,-5.278012476833076505e+01
-2.887977445662596892e+03,-5.407892478796897251e+01
-2.874883817245514820e+03,-5.538562832418119797e+01
-2.861684087688137879e+03,-5.667790670613760540e+01
-2.848386723042396170e+03,-5.795497302947467233e+01
-2.835000189360225249e+03,-5.921604038982889762e+01
-2.821532952693556581e+03,-6.046032188283675168e+01
-2.807993479094322993e+03,-6.168703060413474759e+01
-2.794390234614456858e+03,-6.289537964935935577e+01
-2.780731685305891915e+03,-6.408458211414703953e+01
-2.767026297220560082e+03,-6.525385109413433327e+01
-2.753282536410395096e+03,-6.640239968495767187e+01
-2.739508868927331150e+03,-6.752944098225357550e+01
-2.725713760823297434e+03,-6.863418808165852170e+01
-2.711905678150229051e+03,-6.971585407880900220e+01
-2.698093086960058827e+03,-7.077365206934150876e+01
-2.684284453304719136e+03,-7.180679514889247628e+01
-2.670488243236142353e+03,-7.281449641309846754e+01
-2.656712922806262213e+03,-7.379596895759590325e+01
-2.642966958067012456e+03,-7.475042587802133198e+01
-2.629258815070323180e+03,-7.567708027001118865e+01
-2.615596959868129488e+03,-7.657514522920197919e+01
-2.601989858512363298e+03,-7.744383385123018115e+01
-2.588445977054957439e+03,-7.828235923173227206e+01
-2.574973781547845647e+03,-7.908993446634478630e+01
-2.561581738042959387e+03,-7.986577265070417297e+01
-2.548278312592231487e+03,-8.060908688044689541e+01
-2.535071971247596593e+03,-8.131909025120948797e+01
-2.521971180060985716e+03,-8.199499585862841400e+01
-2.508984405084333048e+03,-8.263601679834016522e+01
-2.496120112369569597e+03,-8.324136616598119076e+01
-2.483386767968630465e+03,-8.381025705718805341e+01
-2.470792837933446663e+03,-8.434190256759717386e+01
-2.458346788315951471e+03,-8.483551579284505806e+01
-2.442129166289960267e+03,-8.542500173814430298e+01
-2.427499406017068395e+03,-8.589806550562789766e+01
-2.414492044115292629e+03,-8.626735774139746127e+01
-2.403141617202652469e+03,-8.654552909155469820e+01
-2.393482661897166963e+03,-8.674523020220131286e+01
-2.385549714816853339e+03,-8.687911171943892441e+01
-2.374999991803816101e+03,-8.700001855809392737e+01
-2.374999991803816101e+03,-8.700001855809392737e+01
-4.899999180381712449e+01,-8.700001855809637163e+01
-4.899999180381712449e+01,-8.700001855809637163e+01
-4.899999180381719555e+01,-4.900001855809618689e+01
-4.899999180381719555e+01,-4.900001855809618689e+01
8.196180729669322318e-06,-4.900001855809615847e+01
8.196180729669322318e-06,-4.900001855809615847e+01
8.196180729669322318e-06,4.899998144190379890e+01
8.196180729669322318e-06,4.899998144190379890e+01
-4.899999180381719555e+01,4.899998144190376337e+01
-4.899999180381719555e+01,4.899998144190376337e+01
-4.899999180381719555e+01,8.699998144190359994e+01
-4.899999180381719555e+01,8.699998144190359994e+01
-2.374999991803816101e+03,8.699998144190361415e+01
-2.374999991803815647e+03,8.699998144190601579e+01
-2.379805924627964941e+03,8.695584785084852797e+01
-2.386170750248389140e+03,8.687184148251590443e+01
-2.394093459632235408e+03,8.673644315869103139e+01
-2.403573043746640451e+03,8.653813370115662451e+01
-2.414608493558751888e+03,8.626539393169561265e+01
-2.427198800035709155e+03,8.590670467209071148e+01
-2.441342954144653959e+03,8.545054674412470774e+01
-2.457039946852729372e+03,8.488540096958048764e+01
-2.474288769127078922e+03,8.419974817024080949e+01
-2.493088411934843862e+03,8.338206916788851686e+01
-2.513437866243166354e+03,8.242084478430639649e+01
-2.524193457387268609e+03,8.188280333136124511e+01
-2.535336123019188562e+03,8.130455584127720670e+01
-2.546865737009818986e+03,8.068466241677712958e+01
-2.558782173230053104e+03,8.002168316058383368e+01
-2.571085305550783232e+03,7.931417817542018156e+01
-2.583775007842902596e+03,7.856070756400904997e+01
-2.596851153977303511e+03,7.775983142907324464e+01
-2.610313617824878747e+03,7.691010987333565652e+01
-2.624162273256521530e+03,7.601010299951910554e+01
-2.638396994143125085e+03,7.505837091034648267e+01
-2.653438829322181846e+03,7.402355645905953452e+01
-2.668542251525094343e+03,7.295437810746906848e+01
-2.683698009734524931e+03,7.185150223143963899e+01
-2.698896852933137779e+03,7.071559520683567257e+01
-2.714129530103596608e+03,6.954732340952173786e+01
-2.729386790228565133e+03,6.834735321536230401e+01
-2.744659382290706617e+03,6.711635100022188283e+01
-2.759938055272684778e+03,6.585498313996495767e+01
-2.775213558157161970e+03,6.456391601045604034e+01
-2.790476639926805092e+03,6.324381598755962131e+01
-2.805718049564275134e+03,6.189534944714019105e+01
-2.820928536052235813e+03,6.051918276506226135e+01
-2.836098848373352212e+03,5.911598231719034402e+01
-2.851219735510286228e+03,5.768641447938891531e+01
-2.866281946445702488e+03,5.623114562752247991e+01
-2.881276230162263801e+03,5.475084213745552830e+01
-2.896121848185923227e+03,5.325283059315962930e+01
-2.911199431175070913e+03,5.169742216619316366e+01
-2.926470659253900976e+03,5.008672170806961788e+01
-2.941897212546606625e+03,4.842283407030242870e+01
-2.957440771177380157e+03,4.670786410440506842e+01
-2.973063015270414780e+03,4.494391666189098800e+01
-2.988725624949901430e+03,4.313309659427361709e+01
-3.004390280340035133e+03,4.127750875306644218e+01
-3.020018661565007278e+03,3.937925798978290715e+01
-3.035572448749011528e+03,3.744044915593646294e+01
-3.051013322016239727e+03,3.546318710304056765e+01
-3.066302961490884172e+03,3.344957668260867223e+01
-3.081403047297139437e+03,3.140172274615424186e+01
-3.096275259559196911e+03,2.932173014519072751e+01
-3.110881278401249347e+03,2.721170373123156949e+01
-3.125182783947490861e+03,2.507374835579024719e+01
-3.133445374422040004e+03,2.380050646851760021e+01
-3.141581959938057025e+03,2.251671942055775943e+01
-3.149487105694382080e+03,2.124149823841467466e+01
-3.157055376889854415e+03,1.999395394859228148e+01
-3.164181338723312365e+03,1.879319757759451548e+01
-3.170759556393597450e+03,1.765834015192531581e+01
-3.176684595099545732e+03,1.660849269808861095e+01
-3.181851020039999639e+03,1.566276624258834183e+01
-3.181851020039999639e+03,1.566276624258834183e+01
-3.183783087506936226e+03,1.529847075639420417e+01
-3.183783087506936226e+03,1.529847075639420417e+01
-3.185669326611849101e+03,1.495665919204208549e+01
-3.185669326611838187e+03,1.495665919202753358e+01
-3.186707062799966025e+03,1.476559914615363311e+01
-3.187744378834886902e+03,1.457280499265370999e+01
-3.188781370377783333e+03,1.437825112140079753e+01
-3.189818133089843286e+03,1.418191192226795039e+01
-3.190830573575442941e+03,1.398840649957166526e+01
-3.191842577854581577e+03,1.379322714309112463e+01
-3.192854257132244129e+03,1.359634802195188641e+01
-3.193865722613417802e+03,1.339774330527951562e+01
-3.193865722613417802e+03,1.339774330527951562e+01
-3.195509578159836110e+03,1.307080161271749041e+01
-3.195509578159836110e+03,1.307080161271749041e+01
-3.197106696721109984e+03,1.276235895022106348e+01
-3.197106696721107255e+03,1.276235895020379552e+01
-3.199114606044932316e+03,1.236704575221900093e+01
-3.201121761480439545e+03,1.196585278847972234e+01
-3.203127760453814517e+03,1.155862835102708530e+01
-3.205132200391239166e+03,1.114522073190220475e+01
-3.207055225471142876e+03,1.074226491737858780e+01
-3.208977070790134348e+03,1.033312570471884229e+01
-3.210897597269886319e+03,9.917617671164364879e+00
-3.212816665832067429e+03,9.495555393956536250e+00
-3.212816665832067429e+03,9.495555393956536250e+00
-3.213449444231266170e+03,9.355180089541702770e+00
-3.213449444231266170e+03,9.355180089541702770e+00