-3.214017900078126786e+03,9.229892582289435765e+00
-3.215440126708203934e+03,8.914492794845182644e+00
-3.216861722908252432e+03,8.594503703295586661e+00
-3.218282286344466229e+03,8.269800675953195679e+00
-3.219701414683035637e+03,7.940259081130568219e+00
-3.221083807493187578e+03,7.614058046399705404e+00
-3.222465233412274301e+03,7.282743792487924139e+00
-3.223845413714654569e+03,6.946168081701370234e+00
-3.225224069674685779e+03,6.604182676346184167e+00
-3.225224069674686234e+03,6.604182676346185055e+00
-3.237081882013636459e+03,3.616842988832133621e+00
-3.237081882013636459e+03,3.616842988832241090e+00
-3.237205422876044395e+03,3.582898079381310552e+00
-3.237327401741250014e+03,3.543709330930433943e+00
-3.237447596138757490e+03,3.499348217667560323e+00
-3.237565786852661404e+03,3.449895647370362806e+00
-3.237681758321463803e+03,3.395441813843024459e+00
-3.237795299031226477e+03,3.336086032416752722e+00
-3.237906201901335862e+03,3.271936558814052542e+00
-3.238014264662190271e+03,3.203110391707099325e+00
-3.238119290224104134e+03,3.129733059330350731e+00
-3.238221087036772133e+03,3.051938390536545143e+00
-3.238319469438624765e+03,2.969868270713671876e+00
-3.238414257995448679e+03,2.883672383008068607e+00
-3.238505279827643790e+03,2.793507935325622693e+00
-3.238592368925531900e+03,2.699539373608974557e+00
-3.238675366452130675e+03,2.601938081913673706e+00
-3.238754121032847252e+03,2.500882069830288934e+00
-3.238828489031564459e+03,2.396555647822574464e+00
-3.238898334812606663e+03,2.289149091073826803e+00
-3.238963530988123239e+03,2.178858292454510348e+00
-3.239023958650420354e+03,2.065884405244101885e+00
-3.239079507588830438e+03,1.950433476258765841e+00
-3.239130076490721422e+03,1.832716070053976409e+00
-3.239175573126274230e+03,1.712946884887485810e+00
-3.239215914516694738e+03,1.591344361143062658e+00
-3.239251027085555506e+03,1.468130282929176467e+00
-3.239280846792985812e+03,1.343529373579235520e+00
-3.239305319252473510e+03,1.217768885791162159e+00
-3.239324399830054972e+03,1.091078187153761592e+00
-3.239338053725721238e+03,9.636883418159000181e-01
-3.239346256036888917e+03,8.358316890613820549e-01
-3.239348991803815807e+03,7.077414195582115708e-01
-3.239348991803815352e+03,7.077414195578111133e-01
-3.239348991803816716e+03,-7.077785357448092007e-01
-3.239348991803816716e+03,-7.077785357463878269e-01
-3.239346256036889372e+03,-8.358688052495759635e-01
-3.239338053725722148e+03,-9.637254580041132446e-01
-3.239324399830055881e+03,-1.091115303341994469e+00
-3.239305319252474419e+03,-1.217806001979414354e+00
-3.239280846792986722e+03,-1.343566489767508809e+00
-3.239251027085555961e+03,-1.468167399117469518e+00
-3.239215914516695648e+03,-1.591381477331381245e+00
-3.239175573126275140e+03,-1.712984001075828155e+00
-3.239130076490722331e+03,-1.832753186242346066e+00
-3.239079507588831348e+03,-1.950470592447163476e+00
-3.239023958650420809e+03,-2.065921521432529495e+00
-3.238963530988124148e+03,-2.178895408642971709e+00
-3.238898334812608027e+03,-2.289186207262323691e+00
-3.238828489031565368e+03,-2.396592764011110432e+00
-3.238754121032848616e+03,-2.500919186018864870e+00
-3.238675366452131584e+03,-2.601975198102294051e+00
-3.238592368925533265e+03,-2.699576489797642864e+00
-3.238505279827645154e+03,-2.793545051514340294e+00
-3.238414257995449589e+03,-2.883709499196840831e+00
-3.238319469438626129e+03,-2.969905386902500055e+00
-3.238221087036773042e+03,-3.051975506725433718e+00
-3.238119290224105498e+03,-3.129770175519302811e+00
-3.238014264662191636e+03,-3.203147507896121127e+00
-3.237906201901337226e+03,-3.271973675003144955e+00
-3.237795299031227387e+03,-3.336123148605920186e+00
-3.237681758321465168e+03,-3.395478930032269638e+00
-3.237565786852662313e+03,-3.449932763559690585e+00
-3.237447596138758854e+03,-3.499385333856974256e+00
-3.237327401741251379e+03,-3.543746447119937137e+00
-3.237205422876045759e+03,-3.582935195570907005e+00
-3.237081882013637824e+03,-3.616880105021932579e+00
-3.237081882013637369e+03,-3.616880105020122027e+00
-3.225224069674699876e+03,-6.604219792585846349e+00
-3.225224069674685779e+03,-6.604219792541724310e+00
-3.223845413714649567e+03,-6.946205197892643568e+00
-3.222465233412247926e+03,-7.282780908681250054e+00
-3.221083807493101176e+03,-7.614095162605642564e+00
-3.219701414682832819e+03,-7.940296197363923447e+00
-3.218282286344380282e+03,-8.269837792159517420e+00
-3.216861722908230149e+03,-8.594540819487958672e+00
-3.215440126708204843e+03,-8.914529911032465392e+00
-3.214017900078126331e+03,-9.229929698476254885e+00
-3.214017900078126331e+03,-9.229929698476256661e+00
-3.213449444231266170e+03,-9.355217205728740382e+00
-3.213449444231266170e+03,-9.355217205728740382e+00
-3.212816665832082435e+03,-9.495592510215724147e+00
-3.212816665832066974e+03,-9.495592510143440634e+00
-3.210897597269914968e+03,-9.917654787345142609e+00
-3.208977070790349899e+03,-1.033316282086065740e+01
-3.207055225471862286e+03,-1.074230203341578793e+01
-3.205132200392935829e+03,-1.114525784773631223e+01
-3.203127760454530744e+03,-1.155866546706500486e+01
-3.201121761480652822e+03,-1.196588990462220892e+01
-3.199114606044959146e+03,-1.236708286839996163e+01
-3.197106696721106800e+03,-1.276239606639028779e+01
-3.197106696721106346e+03,-1.276239606639028779e+01
-3.195509578159836110e+03,-1.307083872890452803e+01
-3.195509578159836110e+03,-1.307083872890452803e+01
-3.193865722613413254e+03,-1.339778042144878967e+01
-3.193865722613416892e+03,-1.339778042145301029e+01
-3.192854257132261864e+03,-1.359638513812939564e+01
-3.191842577854623869e+03,-1.379326425926840294e+01
-3.190830573575528433e+03,-1.398844361574273165e+01
-3.189818133090003357e+03,-1.418194903842508126e+01
-3.188781370377858821e+03,-1.437828823757334185e+01
-3.187744378834916461e+03,-1.457284210883419107e+01
-3.186707062799976939e+03,-1.476563626233787296e+01
-3.185669326611839551e+03,-1.495669630821460316e+01
-3.185669326611839551e+03,-1.495669630821460316e+01
-3.183783087506936226e+03,-1.529850787258124178e+01
-3.183783087506936226e+03,-1.529850787258124178e+01
-3.181851020040007370e+03,-1.566280335877520535e+01
-3.181851020039999639e+03,-1.566280335877493357e+01
-3.176942243211584810e+03,-1.656272371507166241e+01
-3.170215708393365730e+03,-1.775641210720424823e+01
-3.161702863727754448e+03,-1.921948840810524217e+01
-3.151435157357157095e+03,-2.092757249070718117e+01
-3.139444037423985264e+03,-2.285628422794261638e+01
-3.125760952070647818e+03,-2.498124349274407763e+01
-3.118294749905919161e+03,-2.610969715827349447e+01
-3.110417349439553618e+03,-2.727807015804412316e+01
-3.102132681689351102e+03,-2.848331497617253305e+01
-3.093444677673111983e+03,-2.972238409677527926e+01
-3.081073789055069483e+03,-3.144694163896696537e+01
-3.068568086520831912e+03,-3.314735735123594651e+01
-3.055943006955789770e+03,-3.482302523288054630e+01
-3.043213987245335829e+03,-3.647333928319909546e+01
-3.030396464274862410e+03,-3.809769350148994249e+01
-3.017505874929760466e+03,-3.969548188705141456e+01
-3.004557656095423681e+03,-4.126609843918185305e+01
-2.991567244657243009e+03,-4.280893715717959225e+01
-2.978550077500609859e+03,-4.432339204034294511e+01
-2.965521591510917006e+03,-4.580885708797028855e+01
-2.952497223573556766e+03,-4.726472629935992131e+01
-2.939492410573921006e+03,-4.869039367381020611e+01
-2.926522589397400679e+03,-5.008525321061947011e+01
-2.913603196929389014e+03,-5.144869890908604049e+01
-2.900749670055276965e+03,-5.278012476850826573e+01
-2.887977445660458216e+03,-5.407892478818446591e+01
-2.874883817243570775e+03,-5.538562832437709460e+01
-2.861684087686376643e+03,-5.667790670631509187e+01
-2.848386723040809557e+03,-5.795497302963487130e+01
-2.835000189358803254e+03,-5.921604038997282515e+01
-2.821532952692292838e+03,-6.046032188296534571e+01
-2.807993479093212045e+03,-6.168703060424888918e+01
-2.794390234613495977e+03,-6.289537964945982651e+01
-2.780731685305077917e+03,-6.408458211423454998e+01
-2.767026297219892058e+03,-6.525385109420950869e+01
-2.753282536409873046e+03,-6.640239968502106649e+01
-2.739508868926955529e+03,-6.752944098230565828e+01
-2.725713760823072789e+03,-6.863418808169969054e+01
-2.711905678150160384e+03,-6.971585407883955554e+01
-2.698093086960151140e+03,-7.077365206936167397e+01
-2.684284453304980161e+03,-7.180679514890245230e+01
-2.670488243236581638e+03,-7.281449641309828280e+01
-2.656712922806889765e+03,-7.379596895758558617e+01
-2.642966958067839187e+03,-7.475042587800078309e+01
-2.629258815071363642e+03,-7.567708026998025161e+01
-2.615596959869397324e+03,-7.657514522916039823e+01
-2.601989858513873969e+03,-7.744383385117762941e+01
-2.588445977056729589e+03,-7.828235923166838006e+01
-2.574973781549897467e+03,-7.908993446626905666e+01
-2.561581738045310885e+03,-7.986577265061605146e+01
-2.548278312594905856e+03,-8.060908688034577096e+01
-2.535071971250615661e+03,-8.131909025109462164e+01
-2.521971180064374494e+03,-8.199499585849898153e+01
-2.508984405088116546e+03,-8.263601679819532819e+01
-2.496120112373776465e+03,-8.324136616581999704e+01
-2.483386767973288897e+03,-8.381025705700943718e+01
-2.470792837938587127e+03,-8.434190256740004088e+01
-2.458346788321605800e+03,-8.483551579262822884e+01
-2.442129166293749222e+03,-8.542500173799908225e+01
-2.427499406019453545e+03,-8.589806550553642239e+01
-2.414492044116673242e+03,-8.626735774134454005e+01
-2.403141617203360056e+03,-8.654552909152759810e+01
-2.393482661897464823e+03,-8.674523020218987313e+01
-2.385549714816941560e+03,-8.687911171943551381e+01
-2.374999991803816101e+03,-8.700001855809392737e+01
-2.374999991803816101e+03,-8.700001855809392737e+01
-4.899999180381712449e+01,-8.700001855809637163e+01
-4.899999180381712449e+01,-8.700001855809637163e+01
-4.899999180381719555e+01,-4.900001855809618689e+01
-4.899999180381719555e+01,-4.900001855809618689e+01
8.196180729669322318e-06,-4.900001855809615847e+01
8.196180729669322318e-06,-4.900001855809615847e+01
8.196180729669322318e-06,4.899998144190379890e+01
8.196180729669322318e-06,4.899998144190379890e+01
-4.899999180381719555e+01,4.899998144190376337e+01
-4.899999180381719555e+01,4.899998144190376337e+01
-4.899999180381719555e+01,8.699998144190359994e+01
-4.899999180381719555e+01,8.699998144190359994e+01
-2.374999991803816101e+03,8.699998144190361415e+01
-2.374999991803815647e+03,8.699998144190601579e+01
-2.379805924627964032e+03,8.695584785084857060e+01
-2.386170750248384593e+03,8.687184148251631655e+01
-2.394093459632215399e+03,8.673644315869238142e+01
-2.403573043746594976e+03,8.653813370115983616e+01
-2.414608493558660484e+03,8.626539393170179437e+01
-2.427198800035550448e+03,8.590670467210139805e+01
-2.441342954144402938e+03,8.545054674414171814e+01
-2.457039946852355570e+03,8.488540096960585402e+01
-2.474288769126545958e+03,8.419974817027693348e+01
-2.493088411934112628e+03,8.338206916793804169e+01
-2.513437866242193195e+03,8.242084478437230644e+01
-2.524193457386156751e+03,8.188280333143657685e+01
-2.535336123017925729e+03,8.130455584136282710e+01
-2.546865737008391534e+03,8.068466241687389129e+01
-2.558782173228447391e+03,8.002168316069267462e+01
-2.571085305548985616e+03,7.931417817554209648e+01
-2.583775007840897160e+03,7.856070756414500522e+01
-2.596851153975075704e+03,7.775983142922430602e+01
-2.610313617822413107e+03,7.691010987350288985e+01
-2.624162273253799867e+03,7.601010299970360506e+01
-2.638396994140131028e+03,7.505837091054941368e+01
-2.653438829319715751e+03,7.402355645922666838e+01
-2.668542251523093000e+03,7.295437810760452635e+01
-2.683698009732935589e+03,7.185150223154681726e+01
-2.698896852931914054e+03,7.071559520691741341e+01
-2.714129530102699846e+03,6.954732340958010184e+01
-2.729386790227965776e+03,6.834735321539875486e+01
-2.744659382290381473e+03,6.711635100023717371e+01
-2.759938055272621568e+03,6.585498313995924491e+01
-2.775213558157355237e+03,6.456391601042876971e+01
-2.790476639927255746e+03,6.324381598750960620e+01
-2.805718049564994089e+03,6.189534944706559116e+01
-2.820928536053240350e+03,6.051918276496054716e+01
-2.836098848374668705e+03,5.911598231705832518e+01
-2.851219735511949693e+03,5.768641447922274779e+01
-2.866281946447754763e+03,5.623114562731765886e+01
-2.881276230164755816e+03,5.475084213720689519e+01
-2.896121848187976411e+03,5.325283059295470878e+01
-2.911199431176743019e+03,5.169742216602619322e+01
-2.926470659255247483e+03,5.008672170793492029e+01
-2.941897212547679374e+03,4.842283407019436225e+01
-2.957440771178230989e+03,4.670786410431809088e+01
-2.973063015271093263e+03,4.494391666181957135e+01
-2.988725624950457131e+03,4.313309659421236120e+01
-3.004390280340513527e+03,4.127750875300997535e+01
-3.020018661565453840e+03,3.937925798972594293e+01
-3.035572448749468549e+03,3.744044915587377176e+01
-3.051013322016749498e+03,3.546318710296699805e+01
-3.066302961491486258e+03,3.344957668251913674e+01
-3.081403047297872035e+03,3.140172274604372049e+01
-3.096275259560095947e+03,2.932173014505423581e+01
-3.110881278402350290e+03,2.721170373106423312e+01
-3.125182783948824181e+03,2.507374835558723447e+01
-3.133445374422934037e+03,2.380050646838159878e+01
-3.141581959938621367e+03,2.251671942047212127e+01
-3.149487105694708134e+03,2.124149823836511430e+01
-3.157055376890020852e+03,1.999395394856690800e+01
-3.164181338723382851e+03,1.879319757758380760e+01
-3.170759556393617459e+03,1.765834015192213968e+01
-3.176684595099548915e+03,1.660849269808820239e+01
-3.181851020039999639e+03,1.566276624258834183e+01
-3.181851020039999639e+03,1.566276624258834183e+01
-3.183783087506936226e+03,1.529847075639420417e+01
-3.183783087506936226e+03,1.529847075639420417e+01
-3.185669326611849101e+03,1.495665919204208549e+01
-3.185669326611838187e+03,1.495665919202753358e+01
-3.186707062799943742e+03,1.476559914615812197e+01
-3.187744378834698182e+03,1.457280499268960128e+01
-3.188781370377146231e+03,1.437825112152193618e+01
-3.189818133088334434e+03,1.418191192255509137e+01
-3.190830573574806749e+03,1.398840649969280037e+01
-3.191842577854393312e+03,1.379322714312701592e+01
-3.192854257132221392e+03,1.359634802195637526e+01
-3.193865722613417802e+03,1.339774330527951562e+01
-3.193865722613417802e+03,1.339774330527951562e+01
-3.195509578159836110e+03,1.307080161271749041e+01
-3.195509578159836110e+03,1.307080161271749041e+01
-3.197106696721109984e+03,1.276235895022106348e+01
-3.197106696721107255e+03,1.276235895020379552e+01
-3.199114606044904122e+03,1.236704575222481672e+01
-3.201121761480216264e+03,1.196585278852626644e+01
-3.203127760453058727e+03,1.155862835118417209e+01
-3.205132200389448371e+03,1.114522073227456289e+01
-3.207055225470387541e+03,1.074226491753567814e+01
-3.208977070789910158e+03,1.033312570476538816e+01
-3.210897597269858124e+03,9.917617671170184224e+00
-3.212816665832067429e+03,9.495555393956536250e+00
-3.212816665832067429e+03,9.495555393956536250e+00
-3.213449444231266170e+03,9.355180089541702770e+00
