Point ID,Density,Energy,Mach,Momentum_0,Momentum_1,Momentum_2,Momentum_Magnitude,Points_0,Points_1,Points_2,Points_Magnitude,Pressure,Pressure_Coefficient,Temperature,Velocity_0,Velocity_1,Velocity_2,Velocity_Magnitude
0,1.17683,891660,3,1225.75,0,0,1225.75,-1,0,0,1,101325,1.3608e-15,300,1041.57,0,0,1041.57
1,1.13762,862183,2.93266,1177.32,-0.10081,0,1177.32,5,0,0,5,101191,-0.000963196,309.93,1034.9,-0.0886149,0,1034.9
4,1.30422,982792,2.87857,1335.96,81.5207,0,1338.44,0,0,0,0,118404,0.122855,316.326,1024.34,62.5055,0,1026.24
5,0.919807,703745,3.15644,975.198,-44.6141,0,976.218,3.14,0.000159265,0,3.14,74280.1,-0.194542,281.38,1060.22,-48.5038,0,1061.33
6,1.17683,891660,3,1225.75,0,0,1225.75,-0.98,0,0,0.98,101325,-1.04677e-16,300,1041.57,0,0,1041.57
7,1.17683,891660,3,1225.75,0,0,1225.75,-0.96,0,0,0.96,101325,3.1403e-16,300,1041.57,0,0,1041.57
8,1.17683,891660,3,1225.75,0,0,1225.75,-0.94,0,0,0.94,101325,-2.09353e-16,300,1041.57,0,0,1041.57
9,1.17683,891660,3,1225.75,0,0,1225.75,-0.92,0,0,0.92,101325,4.18706e-16,300,1041.57,0,0,1041.57
10,1.17683,891660,3,1225.75,0,0,1225.75,-0.9,0,0,0.9,101325,7.32736e-16,300,1041.57,0,0,1041.57
11,1.17683,891660,3,1225.75,0,0,1225.75,-0.88,0,0,0.88,101325,1.15144e-15,300,1041.57,0,0,1041.57
12,1.17683,891660,3,1225.75,0,0,1225.75,-0.86,0,0,0.86,101325,0,300,1041.57,0,0,1041.57
13,1.17683,891660,3,1225.75,0,0,1225.75,-0.84,0,0,0.84,101325,1.25612e-15,300,1041.57,0,0,1041.57
14,1.17683,891660,3,1225.75,-1.00974e-29,0,1225.75,-0.82,0,0,0.82,101325,7.32736e-16,300,1041.57,-8.58019e-30,0,1041.57
15,1.17683,891660,3,1225.75,-1.00974e-29,0,1225.75,-0.8,0,0,0.8,101325,2.09353e-15,300,1041.57,-8.58019e-30,0,1041.57
16,1.17683,891660,3,1225.75,0,0,1225.75,-0.78,0,0,0.78,101325,8.37412e-16,300,1041.57,0,0,1041.57
17,1.17683,891660,3,1225.75,0,0,1225.75,-0.76,0,0,0.76,101325,6.28059e-16,300,1041.57,0,0,1041.57
18,1.17683,891660,3,1225.75,0,0,1225.75,-0.74,0,0,0.74,101325,2.09353e-16,300,1041.57,0,0,1041.57
19,1.17683,891660,3,1225.75,0,0,1225.75,-0.72,0,0,0.72,101325,6.28059e-16,300,1041.57,0,0,1041.57
20,1.17683,891660,3,1225.75,0,0,1225.75,-0.7,0,0,0.7,101325,1.04677e-16,300,1041.57,0,0,1041.57
21,1.17683,891660,3,1225.75,0,0,1225.75,-0.68,0,0,0.68,101325,1.3608e-15,300,1041.57,0,0,1041.57
22,1.17683,891660,3,1225.75,0,0,1225.75,-0.66,0,0,0.66,101325,1.67482e-15,300,1041.57,0,0,1041.57
23,1.17683,891660,3,1225.75,0,0,1225.75,-0.64,0,0,0.64,101325,1.67482e-15,300,1041.57,0,0,1041.57
24,1.17683,891660,3,1225.75,0,0,1225.75,-0.62,0,0,0.62,101325,1.25612e-15,300,1041.57,0,0,1041.57
25,1.17683,891660,3,1225.75,0,0,1225.75,-0.6,0,0,0.6,101325,1.67482e-15,300,1041.57,0,0,1041.57
26,1.17683,891660,3,1225.75,0,0,1225.75,-0.58,0,0,0.58,101325,1.3608e-15,300,1041.57,0,0,1041.57
27,1.17683,891660,3,1225.75,0,0,1225.75,-0.56,0,0,0.56,101325,1.15144e-15,300,1041.57,0,0,1041.57
28,1.17683,891660,3,1225.75,0,0,1225.75,-0.54,0,0,0.54,101325,1.88418e-15,300,1041.57,0,0,1041.57
29,1.17683,891660,3,1225.75,0,0,1225.75,-0.52,0,0,0.52,101325,3.1403e-16,300,1041.57,0,0,1041.57
30,1.17683,891660,3,1225.75,0,0,1225.75,-0.5,0,0,0.5,101325,2.19821e-15,300,1041.57,0,0,1041.57
31,1.17683,891660,3,1225.75,0,0,1225.75,-0.48,0,0,0.48,101325,8.37412e-16,300,1041.57,0,0,1041.57
32,1.17683,891660,3,1225.75,0,0,1225.75,-0.46,0,0,0.46,101325,-3.1403e-16,300,1041.57,0,0,1041.57
33,1.17683,891660,3,1225.75,-2.17679e-12,0,1225.75,-0.44,0,0,0.44,101325,6.38527e-15,300,1041.57,-1.84971e-12,0,1041.57
34,1.17683,891660,3,1225.75,0,0,1225.75,-0.42,0,0,0.42,101325,4.60577e-15,300,1041.57,0,0,1041.57
35,1.17683,891660,3,1225.75,0,0,1225.75,-0.4,0,0,0.4,101325,3.97771e-15,300,1041.57,0,0,1041.57
36,1.17683,891660,3,1225.75,0,0,1225.75,-0.38,0,0,0.38,101325,1.3608e-15,300,1041.57,0,0,1041.57
37,1.17683,891660,3,1225.75,0,0,1225.75,-0.36,0,0,0.36,101325,2.72159e-15,300,1041.57,0,0,1041.57
38,1.17683,891660,3,1225.75,-1.00974e-29,0,1225.75,-0.34,0,0,0.34,101325,3.03562e-15,300,1041.57,-8.58019e-30,0,1041.57
39,1.17683,891660,3,1225.75,-1.00974e-29,0,1225.75,-0.32,0,0,0.32,101325,1.7795e-15,300,1041.57,-8.58019e-30,0,1041.57
40,1.17683,891660,3,1225.75,-2.17482e-12,0,1225.75,-0.3,0,0,0.3,101325,3.97771e-15,300,1041.57,-1.84804e-12,0,1041.57
41,1.17683,891660,3,1225.75,-2.17451e-12,0,1225.75,-0.28,0,0,0.28,101325,8.16477e-15,300,1041.57,-1.84777e-12,0,1041.57
42,1.17683,891660,3,1225.75,-2.17418e-12,0,1225.75,-0.26,0,0,0.26,101325,9.94427e-15,300,1041.57,-1.84749e-12,0,1041.57
43,1.17683,891660,3,1225.75,0,0,1225.75,-0.24,0,0,0.24,101325,5.23383e-15,300,1041.57,0,0,1041.57
44,1.17683,891660,3,1225.75,0,0,1225.75,-0.22,0,0,0.22,101325,2.72159e-15,300,1041.57,0,0,1041.57
45,1.17683,891660,3,1225.75,-2.17316e-12,0,1225.75,-0.2,0,0,0.2,101325,5.44318e-15,300,1041.57,-1.84662e-12,0,1041.57
46,1.17683,891660,3,1225.75,0,0,1225.75,-0.18,0,0,0.18,101325,4.08239e-15,300,1041.57,0,0,1041.57
47,1.17683,891660,3,1225.75,0,0,1225.75,-0.16,0,0,0.16,101325,2.61691e-15,300,1041.57,0,0,1041.57
48,1.17683,891660,3,1225.75,0,0,1225.75,-0.14,0,0,0.14,101325,1.25612e-15,300,1041.57,0,0,1041.57
49,1.17683,891660,3,1225.75,0,0,1225.75,-0.12,0,0,0.12,101325,1.3608e-15,300,1041.57,0,0,1041.57
50,1.17683,891660,3,1225.75,0,0,1225.75,-0.1,0,0,0.1,101325,0,300,1041.57,0,0,1041.57
51,1.17683,891660,3,1225.75,-2.17089e-12,0,1225.75,-0.08,0,0,0.08,101325,5.44318e-15,300,1041.57,-1.84469e-12,0,1041.57
52,1.17683,891660,3,1225.75,-2.17048e-12,0,1225.75,-0.06,0,0,0.06,101325,7.85074e-15,300,1041.57,-1.84434e-12,0,1041.57
53,1.17683,891660,3,1225.75,0,0,1225.75,-0.04,0,0,0.04,101325,6.28059e-15,300,1041.57,0,0,1041.57
54,1.17683,891660,3,1225.75,-2.16889e-12,0,1225.75,-0.02,0,0,0.02,101325,8.16477e-15,300,1041.57,-1.84299e-12,0,1041.57
55,1.46181,1.0954e+06,2.75933,1469.16,146.82,0,1476.48,0.0313221,0.0031317,0,0.0314783,139903,0.277503,333.467,1005.03,100.437,0,1010.03
56,1.52205,1.13829e+06,2.72159,1521.44,151.821,0,1529,0.0626446,0.00626036,0,0.0629566,148121,0.336616,339.083,999.605,99.7481,0,1004.57
57,1.54811,1.15679e+06,2.70602,1543.97,153.691,0,1551.6,0.0939677,0.00938294,0,0.0944349,151694,0.362322,341.417,997.326,99.2764,0,1002.26
58,1.55879,1.16435e+06,2.69975,1553.22,154.079,0,1560.84,0.125292,0.0124964,0,0.125913,153162,0.372883,342.359,996.423,98.845,0,1001.31
59,1.56243,1.16692e+06,2.69763,1556.41,153.711,0,1563.98,0.156617,0.0155977,0,0.157392,153663,0.376481,342.678,996.147,98.3794,0,1000.99
60,1.5627,1.16712e+06,2.69747,1556.72,152.906,0,1564.21,0.187943,0.0186839,0,0.18887,153700,0.376753,342.702,996.175,97.8472,0,1000.97
61,1.56124,1.16608e+06,2.69832,1555.57,151.807,0,1562.96,0.219272,0.0217519,0,0.220348,153500,0.375311,342.575,996.363,97.2347,0,1001.1
62,1.55878,1.16434e+06,2.69975,1553.55,150.478,0,1560.82,0.250602,0.0247988,0,0.251826,153161,0.372871,342.359,996.649,96.5358,0,1001.31
63,1.55562,1.1621e+06,2.7016,1550.96,148.948,0,1558.1,0.281935,0.0278215,0,0.283305,152727,0.369751,342.082,997.004,95.7484,0,1001.59
64,1.55192,1.15949e+06,2.70376,1547.91,147.233,0,1554.9,0.313271,0.0308172,0,0.314783,152219,0.366099,341.758,997.415,94.8716,0,1001.92
65,1.54775,1.15653e+06,2.7062,1544.46,145.342,0,1551.28,0.344609,0.0337829,0,0.346261,151647,0.361984,341.391,997.876,93.9054,0,1002.28
66,1.54314,1.15327e+06,2.70891,1540.64,143.281,0,1547.29,0.37595,0.0367157,0,0.377739,151016,0.357442,340.986,998.383,92.8503,0,1002.69
67,1.53811,1.1497e+06,2.71187,1536.47,141.055,0,1542.93,0.407295,0.0396127,0,0.409217,150328,0.352494,340.543,998.935,91.7067,0,1003.14
68,1.53267,1.14585e+06,2.71508,1531.95,138.669,0,1538.21,0.438643,0.0424712,0,0.440695,149586,0.347156,340.063,999.53,90.4754,0,1003.62
69,1.52684,1.14172e+06,2.71854,1527.1,136.129,0,1533.15,0.469995,0.0452882,0,0.472172,148791,0.34144,339.548,1000.17,89.1571,0,1004.13
70,1.52063,1.13732e+06,2.72223,1521.91,133.44,0,1527.75,0.501351,0.0480611,0,0.50365,147946,0.33536,338.998,1000.84,87.7528,0,1004.68
71,1.51405,1.13265e+06,2.72617,1516.41,130.607,0,1522.02,0.532711,0.0507871,0,0.535127,147052,0.328926,338.414,1001.56,86.2634,0,1005.27
72,1.5071,1.12772e+06,2.73034,1510.59,127.636,0,1515.97,0.564076,0.0534635,0,0.566604,146110,0.322151,337.796,1002.31,84.6899,0,1005.89
73,1.4998,1.12254e+06,2.73474,1504.46,124.534,0,1509.61,0.595445,0.0560877,0,0.59808,145122,0.315047,337.145,1003.11,83.0333,0,1006.54
74,1.49217,1.11712e+06,2.73937,1498.03,121.305,0,1502.94,0.626818,0.058657,0,0.629556,144091,0.307626,336.462,1003.93,81.2949,0,1007.22
75,1.4842,1.11146e+06,2.74422,1491.31,117.958,0,1495.97,0.658196,0.0611691,0,0.661032,143017,0.299902,335.748,1004.79,79.4758,0,1007.93
76,1.47591,1.10557e+06,2.7493,1484.31,114.497,0,1488.72,0.689578,0.0636212,0,0.692507,141903,0.291889,335.003,1005.69,77.5774,0,1008.68
77,1.46732,1.09947e+06,2.7546,1477.02,110.931,0,1481.18,0.720966,0.066011,0,0.723981,140750,0.283599,334.228,1006.61,75.6011,0,1009.45
78,1.45843,1.09315e+06,2.7601,1469.47,107.265,0,1473.38,0.752358,0.0683362,0,0.755455,139561,0.275047,333.424,1007.57,73.5483,0,1010.25
79,1.44927,1.08662e+06,2.76582,1461.66,103.508,0,1465.32,0.783755,0.0705944,0,0.786928,138338,0.266248,332.592,1008.55,71.4206,0,1011.08
80,1.43983,1.07991e+06,2.77175,1453.61,99.6649,0,1457.02,0.815157,0.0727834,0,0.8184,137082,0.257215,331.732,1009.56,69.2197,0,1011.93
81,1.43015,1.07301e+06,2.77787,1445.31,95.7443,0,1448.47,0.846564,0.0749009,0,0.849871,135796,0.247964,330.846,1010.6,66.9472,0,1012.81
82,1.42022,1.06593e+06,2.78419,1436.78,91.753,0,1439.7,0.877976,0.0769448,0,0.881342,134482,0.23851,329.934,1011.66,64.6049,0,1013.72
83,1.41006,1.05869e+06,2.79071,1428.03,87.6983,0,1430.72,0.909393,0.0789131,0,0.91281,133142,0.228867,328.998,1012.74,62.1947,0,1014.65
84,1.39969,1.0513e+06,2.79741,1419.07,83.5876,0,1421.53,0.940814,0.0808038,0,0.944278,131777,0.21905,328.039,1013.84,59.7186,0,1015.6
85,1.38912,1.04375e+06,2.80429,1409.91,79.4281,0,1412.15,0.972241,0.082615,0,0.975744,130390,0.209076,327.057,1014.97,57.1786,0,1016.57
86,1.37837,1.03607e+06,2.81135,1400.57,75.227,0,1402.58,1.00367,0.0843449,0,1.00721,128984,0.198959,326.053,1016.1,54.5769,0,1017.57
87,1.36744,1.02827e+06,2.81858,1391.04,70.9917,0,1392.85,1.03511,0.0859917,0,1.03867,127560,0.188714,325.029,1017.26,51.9156,0,1018.58
88,1.35636,1.02034e+06,2.82597,1381.35,66.7291,0,1382.96,1.06655,0.0875537,0,1.07013,126120,0.178357,323.985,1018.42,49.197,0,1019.61
89,1.34514,1.01231e+06,2.83352,1371.51,62.4463,0,1372.93,1.09799,0.0890294,0,1.10159,124666,0.167902,322.923,1019.6,46.4236,0,1020.66
90,1.33379,1.00419e+06,2.84123,1361.53,58.1503,0,1362.77,1.12944,0.0904172,0,1.13305,123201,0.157364,321.844,1020.79,43.5977,0,1021.72
91,1.32233,995979,2.84908,1351.41,53.8479,0,1352.48,1.16089,0.0917158,0,1.16451,121727,0.146758,320.749,1021.99,40.722,0,1022.8
92,1.31077,987693,2.85707,1341.18,49.5457,0,1342.09,1.19234,0.0929238,0,1.19596,120245,0.136099,319.639,1023.2,37.799,0,1023.9
93,1.29912,979341,2.86519,1330.83,45.2503,0,1331.6,1.2238,0.0940399,0,1.22741,118758,0.125401,318.515,1024.41,34.8314,0,1025
94,1.28741,970934,2.87344,1320.4,40.9679,0,1321.03,1.25526,0.0950631,0,1.25886,117267,0.114677,317.379,1025.62,31.822,0,1026.12
95,1.27564,962482,2.88181,1309.88,36.7047,0,1310.39,1.28673,0.0959923,0,1.2903,115775,0.103942,316.231,1026.84,28.7736,0,1027.24
96,1.26383,953994,2.89029,1299.29,32.4666,0,1299.69,1.3182,0.0968266,0,1.32175,114283,0.0932096,315.073,1028.06,25.6891,0,1028.38
97,1.25199,945481,2.89888,1288.64,28.2593,0,1288.95,1.34967,0.097565,0,1.35319,112793,0.082492,313.905,1029.27,22.5715,0,1029.52
98,1.24014,936952,2.90756,1277.94,24.0882,0,1278.17,1.38114,0.0982069,0,1.38462,111307,0.0718024,312.73,1030.49,19.4238,0,1030.67
99,1.22828,928418,2.91633,1267.21,19.9586,0,1267.37,1.41261,0.0987515,0,1.41606,109826,0.0611532,311.549,1031.7,16.2492,0,1031.82
100,1.21644,919886,2.92519,1256.46,15.8754,0,1256.56,1.44409,0.0991983,0,1.44749,108353,0.0505564,310.362,1032.9,13.0507,0,1032.98
101,1.20463,911368,2.93411,1245.7,11.8434,0,1245.76,1.47556,0.0995469,0,1.47892,106889,0.0400235,309.17,1034.1,9.83154,0,1034.14
102,1.19285,902872,2.9431,1234.94,7.86688,0,1234.97,1.50704,0.0997968,0,1.51034,105435,0.0295659,307.976,1035.28,6.59502,0,1035.31
103,1.18113,894406,2.95215,1224.19,3.95016,0,1224.2,1.53852,0.0999479,0,1.54176,103993,0.0191942,306.78,1036.46,3.3444,0,1036.47
104,1.16946,885981,2.96124,1213.47,0.0970969,0,1213.47,1.57,0.1,0,1.57318,102565,0.00891872,305.583,1037.63,0.0830269,0,1037.63
105,1.15788,877604,2.97037,1202.79,-3.6887,0,1202.79,1.60147,0.0999529,0,1.60459,101151,-0.00125064,304.387,1038.79,-3.18575,0,1038.79
106,1.14638,869283,2.97953,1192.15,-7.40389,0,1192.17,1.63295,0.0998069,0,1.636,99753.5,-0.0113045,303.193,1039.93,-6.45852,0,1039.95
107,1.13497,861028,2.98871,1181.57,-11.0454,0,1181.62,1.66443,0.099562,0,1.6674,98373.1,-0.0212339,302.002,1041.06,-9.73188,0,1041.1
108,1.12367,852845,2.9979,1171.06,-14.6104,0,1171.15,1.69591,0.0992184,0,1.69881,97011.2,-0.0310303,300.815,1042.17,-13.0024,0,1042.25
109,1.1125,844743,3.0071,1160.63,-18.0965,0,1160.77,1.72738,0.0987766,0,1.7302,95669,-0.0406857,299.633,1043.27,-16.2665,0,1043.39
110,1.10145,836729,3.01629,1150.29,-21.5013,0,1150.49,1.75885,0.0982369,0,1.7616,94347.3,-0.0501926,298.458,1044.34,-19.5209,0,1044.53
111,1.09054,828810,3.02546,1140.05,-24.8229,0,1140.32,1.79033,0.0976,0,1.79299,93047.4,-0.0595438,297.291,1045.4,-22.762,0,1045.65
112,1.07977,820992,3.03461,1129.93,-28.0595,0,1130.27,1.8218,0.0968665,0,1.82437,91769.9,-0.0687326,296.132,1046.45,-25.9865,0,1046.77
113,1.06917,813283,3.04372,1119.92,-31.2097,0,1120.35,1.85326,0.0960371,0,1.85575,90516,-0.0777529,294.984,1047.47,-29.1907,0,1047.87
114,1.05872,805690,3.05279,1110.04,-34.2723,0,1110.57,1.88473,0.0951127,0,1.88713,89286.2,-0.0865987,293.846,1048.47,-32.3713,0,1048.97
115,1.04845,798217,3.0618,1100.3,-37.2462,0,1100.93,1.91619,0.0940942,0,1.9185,88081.5,-0.0952649,292.72,1049.45,-35.5248,0,1050.05
116,1.03837,790871,3.07076,1090.7,-40.1306,0,1091.44,1.94765,0.0929827,0,1.94987,86902.4,-0.103746,291.608,1050.4,-38.6479,0,1051.11
117,1.02847,783657,3.07963,1081.26,-42.9251,0,1082.12,1.9791,0.0917794,0,1.98123,85749.7,-0.112038,290.51,1051.34,-41.737,0,1052.17
118,1.01876,776582,3.08843,1071.99,-45.6292,0,1072.96,2.01056,0.0904854,0,2.01259,84623.8,-0.120137,289.427,1052.25,-44.789,0,1053.2
119,1.00925,769649,3.09713,1062.88,-48.2428,0,1063.98,2.042,0.0891021,0,2.04395,83525.4,-0.128038,288.361,1053.14,-47.8005,0,1054.22
120,0.999958,762863,3.10573,1053.96,-50.766,0,1055.18,2.07345,0.0876308,0,2.0753,82454.8,-0.135739,287.311,1054,-50.7681,0,1055.22
121,0.990875,756230,3.11422,1045.22,-53.1988,0,1046.57,2.10489,0.0860732,0,2.10665,81412.6,-0.143236,286.28,1054.84,-53.6887,0,1056.21
122,0.982011,749753,3.12259,1036.67,-55.5417,0,1038.16,2.13632,0.0844306,0,2.13799,80399.1,-0.150526,285.268,1055.66,-56.5591,0,1057.17
123,0.973371,743436,3.13083,1028.32,-57.795,0,1029.94,2.16775,0.082705,0,2.16933,79414.7,-0.157608,284.276,1056.45,-59.3762,0,1058.12
124,0.964961,737284,3.13892,1020.17,-59.9596,0,1021.93,2.19918,0.0808979,0,2.20067,78459.6,-0.164478,283.305,1057.22,-62.1368,0,1059.04
125,0.956784,731300,3.14687,1012.24,-62.0361,0,1014.14,2.2306,0.0790111,0,2.232,77534.2,-0.171135,282.356,1057.96,-64.8381,0,1059.94
126,0.948845,725487,3.15467,1004.52,-64.0253,0,1006.56,2.26202,0.0770467,0,2.26333,76638.6,-0.177577,281.43,1058.68,-67.4771,0,1060.82
127,0.941148,719848,3.16229,997.022,-65.9283,0,999.199,2.29343,0.0750066,0,2.29466,75773,-0.183804,280.527,1059.37,-70.051,0,1061.68
128,0.933697,714386,3.16974,989.75,-67.7461,0,992.066,2.32484,0.0728928,0,2.32598,74937.6,-0.189813,279.648,1060.03,-72.5568,0,1062.51
129,0.926494,709104,3.17701,982.709,-69.4797,0,985.162,2.35624,0.0707074,0,2.3573,74132.5,-0.195604,278.794,1060.67,-74.992,0,1063.32
130,0.919544,704005,3.18408,975.903,-71.1303,0,978.492,2.38764,0.0684527,0,2.38862,73357.9,-0.201176,277.967,1061.29,-77.3539,0,1064.11
131,0.912848,699090,3.19095,969.337,-72.6992,0,972.059,2.41903,0.0661309,0,2.41993,72613.8,-0.206529,277.165,1061.88,-79.64,0,1064.86
132,0.90641,694362,3.19761,963.013,-74.1876,0,965.866,2.45042,0.0637442,0,2.45125,71900.2,-0.211662,276.391,1062.45,-81.8478,0,1065.6
133,0.900231,689823,3.20406,956.936,-75.5969,0,959.917,2.4818,0.0612952,0,2.48256,71217.3,-0.216575,275.645,1062.99,-83.975,0,1066.3
134,0.894315,685475,3.21028,951.108,-76.9282,0,954.214,2.51318,0.0587862,0,2.51387,70564.9,-0.221267,274.927,1063.51,-86.0192,0,1066.98
135,0.888662,681320,3.21626,945.534,-78.183,0,948.76,2.54455,0.0562197,0,2.54517,69943.2,-0.225739,274.238,1064,-87.9784,0,1067.63
136,0.883275,677358,3.22201,940.215,-79.3626,0,943.558,2.57592,0.0535982,0,2.57648,69352.1,-0.229991,273.578,1064.46,-89.8503,0,1068.25
137,0.878156,673592,3.22751,935.154,-80.4681,0,938.61,2.60729,0.0509244,0,2.60778,68791.6,-0.234023,272.949,1064.91,-91.6331,0,1068.84
138,0.873306,670022,3.23275,930.354,-81.501,0,933.917,2.63865,0.0482009,0,2.63909,68261.7,-0.237835,272.351,1065.32,-93.3247,0,1069.4
139,0.868726,666650,3.23774,925.817,-82.4625,0,929.482,2.67,0.0454303,0,2.67039,67762.3,-0.241427,271.784,1065.72,-94.9236,0,1069.94
140,0.864417,663477,3.24246,921.545,-83.3539,0,925.307,2.70136,0.0426154,0,2.70169,67293.3,-0.244801,271.248,1066.09,-96.4279,0,1070.44
141,0.86038,660504,3.2469,917.54,-84.1763,0,921.393,2.7327,0.039759,0,2.73299,66854.8,-0.247955,270.745,1066.44,-97.8361,0,1070.91
142,0.856617,657731,3.25107,913.804,-84.9307,0,917.742,2.76405,0.0368639,0,2.76429,66446.7,-0.250891,270.274,1066.76,-99.1467,0,1071.36
143,0.853128,655159,3.25496,910.337,-85.6185,0,914.354,2.79539,0.0339328,0,2.7956,66068.8,-0.253609,269.836,1067.06,-100.358,0,1071.77
144,0.849914,652790,3.25855,907.142,-86.2404,0,911.232,2.82673,0.0309687,0,2.8269,65721.3,-0.256109,269.432,1067.33,-101.47,0,1072.15
145,0.846976,650624,3.26185,904.22,-86.7976,0,908.376,2.85806,0.0279745,0,2.8582,65403.9,-0.258392,269.061,1067.59,-102.479,0,1072.49
146,0.844313,648660,3.26486,901.571,-87.2908,0,905.787,2.8894,0.0249531,0,2.8895,65116.7,-0.260458,268.724,1067.82,-103.387,0,1072.81
147,0.841927,646900,3.26756,899.197,-87.721,0,903.466,2.92073,0.0219074,0,2.92081,64859.6,-0.262308,268.422,1068.02,-104.191,0,1073.09
148,0.839818,645345,3.26996,897.099,-88.0889,0,901.414,2.95206,0.0188404,0,2.95212,64632.5,-0.263941,268.154,1068.21,-104.89,0,1073.34
149,0.837987,643993,3.27205,895.277,-88.3952,0,899.631,2.98338,0.015755,0,2.98342,64435.4,-0.265359,267.92,1068.37,-105.485,0,1073.56
150,0.836432,642846,3.27382,893.732,-88.6403,0,898.117,3.01471,0.0126544,0,3.01473,64268.3,-0.266561,267.722,1068.51,-105.974,0,1073.75
151,0.835156,641905,3.27529,892.465,-88.8248,0,896.875,3.04603,0.0095415,0,3.04605,64131.2,-0.267547,267.559,1068.62,-106.357,0,1073.9
152,0.834159,641168,3.27643,891.476,-88.9492,0,895.903,3.07736,0.00641931,0,3.07736,64023.9,-0.268318,267.431,1068.71,-106.633,0,1074.02
153,0.83344,640637,3.27726,890.766,-89.0137,0,895.202,3.10868,0.00329088,0,3.10868,63946.6,-0.268875,267.339,1068.78,-106.803,0,1074.11
154,1.04562,795430,3.0121,1092.52,-0.0935482,0,1092.52,3.1772,0.00015608,0,3.1772,89869.7,-0.0824015,299.472,1044.85,-0.0894666,0,1044.85
155,1.09634,832315,2.96687,1139.41,-0.0975637,0,1139.41,3.2144,0.000152895,0,3.2144,96092.1,-0.0376421,305.393,1039.28,-0.0889901,0,1039.28
156,1.11842,848313,2.94831,1159.72,-0.0993029,0,1159.72,3.2516,0.000149709,0,3.2516,98816,-0.018048,307.85,1036.93,-0.0887883,0,1036.93
157,1.12812,855326,2.94035,1168.62,-0.100065,0,1168.62,3.2888,0.000146524,0,3.2888,100015,-0.00942118,308.907,1035.9,-0.0887005,0,1035.9
158,1.13245,858454,2.93683,1172.59,-0.100405,0,1172.59,3.326,0.000143339,0,3.326,100551,-0.00556642,309.375,1035.44,-0.0886614,0,1035.44
159,1.13444,859890,2.93522,1174.41,-0.100561,0,1174.41,3.3632,0.000140153,0,3.3632,100797,-0.00379508,309.589,1035.23,-0.0886435,0,1035.23
160,1.1354,860582,2.93445,1175.29,-0.100636,0,1175.29,3.4004,0.000136968,0,3.4004,100916,-0.0029411,309.692,1035.13,-0.0886349,0,1035.13
161,1.1359,860941,2.93405,1175.75,-0.100675,0,1175.75,3.4376,0.000133783,0,3.4376,100978,-0.00249714,309.746,1035.08,-0.0886304,0,1035.08
162,1.13618,861148,2.93382,1176.01,-0.100698,0,1176.01,3.4748,0.000130598,0,3.4748,101013,-0.00224147,309.776,1035.05,-0.0886278,0,1035.05
163,1.13637,861282,2.93367,1176.18,-0.100712,0,1176.18,3.512,0.000127412,0,3.512,101036,-0.00207612,309.796,1035.03,-0.0886261,0,1035.03
164,1.1365,861379,2.93356,1176.3,-0.100723,0,1176.3,3.5492,0.000124227,0,3.5492,101053,-0.00195703,309.811,1035.02,-0.0886249,0,1035.02
165,1.13661,861454,2.93347,1176.4,-0.100731,0,1176.4,3.5864,0.000121042,0,3.5864,101066,-0.00186383,309.822,1035.01,-0.088624,0,1035.01
166,1.13669,861517,2.9334,1176.48,-0.100738,0,1176.48,3.6236,0.000117856,0,3.6236,101077,-0.00178664,309.831,1035,-0.0886232,0,1035
167,1.13677,861570,2.93334,1176.54,-0.100743,0,1176.54,3.6608,0.000114671,0,3.6608,101086,-0.00172039,309.839,1034.99,-0.0886225,0,1034.99
168,1.13683,861617,2.93329,1176.6,-0.100748,0,1176.6,3.698,0.000111486,0,3.698,101094,-0.00166221,309.846,1034.98,-0.088622,0,1034.98
169,1.13689,861659,2.93324,1176.66,-0.100753,0,1176.66,3.7352,0.0001083,0,3.7352,101101,-0.00161037,309.852,1034.98,-0.0886214,0,1034.98
170,1.13694,861697,2.9332,1176.71,-0.100757,0,1176.71,3.7724,0.000105115,0,3.7724,101108,-0.00156369,309.858,1034.97,-0.088621,0,1034.97
171,1.13699,861731,2.93316,1176.75,-0.100761,0,1176.75,3.8096,0.00010193,0,3.8096,101114,-0.00152132,309.863,1034.97,-0.0886205,0,1034.97
172,1.13704,861763,2.93313,1176.79,-0.100764,0,1176.79,3.8468,9.87445e-05,0,3.8468,101119,-0.00148262,309.868,1034.96,-0.0886201,0,1034.96
173,1.13708,861792,2.9331,1176.82,-0.100767,0,1176.82,3.884,9.55592e-05,0,3.884,101124,-0.00144709,309.872,1034.96,-0.0886198,0,1034.96
174,1.13711,861818,2.93307,1176.86,-0.10077,0,1176.86,3.9212,9.23739e-05,0,3.9212,101128,-0.0014143,309.876,1034.95,-0.0886195,0,1034.95
175,1.13715,861843,2.93304,1176.89,-0.100773,0,1176.89,3.9584,8.91886e-05,0,3.9584,101133,-0.00138393,309.88,1034.95,-0.0886192,0,1034.95
176,1.13718,861866,2.93301,1176.92,-0.100775,0,1176.92,3.9956,8.60033e-05,0,3.9956,101137,-0.00135568,309.883,1034.95,-0.0886189,0,1034.95
177,1.13721,861887,2.93299,1176.95,-0.100778,0,1176.95,4.0328,8.2818e-05,0,4.0328,101140,-0.00132932,309.886,1034.94,-0.0886186,0,1034.94
178,1.13724,861907,2.93297,1176.97,-0.10078,0,1176.97,4.07,7.96326e-05,0,4.07,101144,-0.00130464,309.889,1034.94,-0.0886184,0,1034.94
179,1.13726,861926,2.93295,1177,-0.100782,0,1177,4.1072,7.64473e-05,0,4.1072,101147,-0.00128146,309.892,1034.94,-0.0886181,0,1034.94
180,1.13729,861943,2.93293,1177.02,-0.100784,0,1177.02,4.1444,7.3262e-05,0,4.1444,101150,-0.00125964,309.894,1034.94,-0.0886179,0,1034.94
181,1.13731,861960,2.93291,1177.04,-0.100786,0,1177.04,4.1816,7.00767e-05,0,4.1816,101153,-0.00123905,309.897,1034.93,-0.0886177,0,1034.93
182,1.13733,861976,2.93289,1177.06,-0.100787,0,1177.06,4.2188,6.68914e-05,0,4.2188,101155,-0.00121957,309.899,1034.93,-0.0886175,0,1034.93
183,1.13735,861991,2.93287,1177.08,-0.100789,0,1177.08,4.256,6.37061e-05,0,4.256,101158,-0.00120111,309.902,1034.93,-0.0886173,0,1034.93
184,1.13737,862005,2.93286,1177.1,-0.100791,0,1177.1,4.2932,6.05208e-05,0,4.2932,101160,-0.00118357,309.904,1034.93,-0.0886171,0,1034.93
185,1.13739,862018,2.93284,1177.11,-0.100792,0,1177.11,4.3304,5.73355e-05,0,4.3304,101163,-0.00116689,309.906,1034.92,-0.088617,0,1034.92
186,1.13741,862031,2.93283,1177.13,-0.100793,0,1177.13,4.3676,5.41502e-05,0,4.3676,101165,-0.00115099,309.908,1034.92,-0.0886168,0,1034.92
187,1.13742,862044,2.93282,1177.14,-0.100795,0,1177.14,4.4048,5.09649e-05,0,4.4048,101167,-0.00113581,309.909,1034.92,-0.0886167,0,1034.92
188,1.13744,862055,2.9328,1177.16,-0.100796,0,1177.16,4.442,4.77796e-05,0,4.442,101169,-0.00112131,309.911,1034.92,-0.0886165,0,1034.92
189,1.13746,862067,2.93279,1177.17,-0.100797,0,1177.17,4.4792,4.45943e-05,0,4.4792,101171,-0.00110743,309.913,1034.92,-0.0886164,0,1034.92
190,1.13747,862077,2.93278,1177.19,-0.100798,0,1177.19,4.5164,4.1409e-05,0,4.5164,101173,-0.00109413,309.914,1034.92,-0.0886162,0,1034.92
191,1.13749,862088,2.93277,1177.2,-0.1008,0,1177.2,4.5536,3.82237e-05,0,4.5536,101175,-0.00108137,309.916,1034.91,-0.0886161,0,1034.91
192,1.1375,862098,2.93276,1177.21,-0.100801,0,1177.21,4.5908,3.50384e-05,0,4.5908,101176,-0.00106911,309.917,1034.91,-0.088616,0,1034.91
193,1.13751,862107,2.93275,1177.23,-0.100802,0,1177.23,4.628,3.18531e-05,0,4.628,101178,-0.00105732,309.919,1034.91,-0.0886159,0,1034.91
194,1.13753,862116,2.93273,1177.24,-0.100803,0,1177.24,4.6652,2.86678e-05,0,4.6652,101180,-0.00104597,309.92,1034.91,-0.0886157,0,1034.91
195,1.13754,862125,2.93273,1177.25,-0.100804,0,1177.25,4.7024,2.54824e-05,0,4.7024,101181,-0.00103502,309.921,1034.91,-0.0886156,0,1034.91
196,1.13755,862134,2.93272,1177.26,-0.100805,0,1177.26,4.7396,2.22971e-05,0,4.7396,101183,-0.00102445,309.923,1034.91,-0.0886155,0,1034.91
197,1.13756,862142,2.93271,1177.27,-0.100805,0,1177.27,4.7768,1.91118e-05,0,4.7768,101184,-0.00101422,309.924,1034.91,-0.0886154,0,1034.91
198,1.13757,862150,2.9327,1177.28,-0.100806,0,1177.28,4.814,1.59265e-05,0,4.814,101185,-0.00100433,309.925,1034.91,-0.0886153,0,1034.91
199,1.13758,862158,2.93269,1177.29,-0.100807,0,1177.29,4.8512,1.27412e-05,0,4.8512,101187,-0.000994732,309.926,1034.9,-0.0886152,0,1034.9
200,1.13759,862165,2.93268,1177.3,-0.100808,0,1177.3,4.8884,9.55592e-06,0,4.8884,101188,-0.000985416,309.927,1034.9,-0.0886151,0,1034.9
201,1.1376,862173,2.93267,1177.31,-0.100809,0,1177.31,4.9256,6.37061e-06,0,4.9256,101189,-0.000976361,309.928,1034.9,-0.088615,0,1034.9
202,1.13761,862180,2.93266,1177.32,-0.10081,0,1177.32,4.9628,3.18531e-06,0,4.9628,101190,-0.000967547,309.93,1034.9,-0.088615,0,1034.9
